805
            756
                        689
                  624
      624
                  496
                        300
            286
                  176
                        165
624
            805
      756
                  689
            624
624
                  496
            300
                  286
      176
            165
            805
      756
                  689
            624
624
                  496
            300
                  286
      176
            165
      689
624
805
            756
                        689
                  624
      624
                  496
                        300
            286
                  176
                        165
624
            805
      756
                  689
            624
624
                  496
            300
                  286
      176
            165
            805
      756
                  689
            624
624
                  496
            300
                  286
      176
            165
      689
624
