Начальный массив (n=4)
838 229 598 632 

Конечный массив
838 632 598 229 


Начальный массив (n=100)
838 229 598 632 234 890 415 362 
326 815 983 398 671 714 698 416 
569 677 930 866 256 744 183 115 
837 736 824 681 288 233 490 632 
835 245 646 835 486 602 976 851 
764 162 802 156 751 897 786 831 
448 507 825 473 186 674 256 946 
254 966 527 558 217 787 523 526 
441 875 356 646 114 105 560 365 
579 245 679 482 688 809 639 553 
781 735 789 617 842 579 689 133 
648 676 951 221 140 482 823 667 
306 635 837 473 

Конечный массив
983 976 966 951 946 930 897 890 
875 866 851 842 838 837 837 835 
835 831 825 824 823 815 809 802 
789 787 786 781 764 751 744 736 
735 714 698 689 688 681 679 677 
676 674 671 667 648 646 646 639 
635 632 632 617 602 598 579 579 
569 560 558 553 527 526 523 507 
490 486 482 482 473 473 448 441 
416 415 398 365 362 356 326 306 
288 256 256 254 245 245 234 233 
229 221 217 186 183 162 156 140 
133 115 114 105 


Пирамида 1: 
[0]:229
[1]:632
[2]:598
[3]:838


Пирамида 2: 
[0]:105
[1]:156
[2]:114
[3]:326
[4]:162
[5]:115
[6]:523
[7]:448
[8]:356
[9]:234
[10]:183
[11]:133
[12]:579
[13]:558
[14]:526
[15]:482
[16]:473
[17]:398
[18]:362
[19]:256
[20]:245
[21]:217
[22]:186
[23]:140
[24]:632
[25]:602
[26]:598
[27]:569
[28]:560
[29]:527
[30]:744
[31]:490
[32]:486
[33]:473
[34]:698
[35]:416
[36]:415
[37]:365
[38]:679
[39]:288
[40]:256
[41]:245
[42]:671
[43]:229
[44]:221
[45]:646
[46]:646
[47]:639
[48]:635
[49]:632
[50]:842
[51]:617
[52]:787
[53]:838
[54]:786
[55]:579
[56]:781
[57]:837
[58]:764
[59]:553
[60]:751
[61]:837
[62]:897
[63]:507
[64]:736
[65]:835
[66]:735
[67]:482
[68]:714
[69]:835
[70]:890
[71]:441
[72]:689
[73]:831
[74]:688
[75]:951
[76]:681
[77]:825
[78]:875
[79]:306
[80]:677
[81]:824
[82]:676
[83]:254
[84]:674
[85]:823
[86]:866
[87]:233
[88]:667
[89]:815
[90]:648
[91]:946
[92]:976
[93]:809
[94]:851
[95]:966
[96]:983
[97]:802
[98]:930
[99]:789
