Начальный массив (n=4)
749 798 576 797 

Конечный массив
576 749 797 798 


Начальный массив (n=100)
749 798 576 797 151 413 140 266 
747 760 716 610 670 437 351 371 
225 102 587 357 205 159 932 348 
751 102 183 655 388 539 121 702 
632 407 763 372 855 931 216 724 
280 865 205 592 861 719 269 210 
586 663 341 274 469 438 233 341 
442 987 519 437 256 226 951 333 
688 454 413 474 297 308 463 865 
907 925 870 839 128 841 582 459 
275 333 272 479 483 818 804 834 
216 183 423 916 528 746 559 678 
965 313 424 499 

Конечный массив
102 102 121 128 140 151 159 183 
183 205 205 210 216 216 225 226 
233 256 266 269 272 274 275 280 
297 308 313 333 333 341 341 348 
351 357 371 372 388 407 413 413 
423 424 437 437 438 442 454 459 
463 469 474 479 483 499 519 528 
539 559 576 582 586 587 592 610 
632 655 663 670 678 688 702 716 
719 724 746 747 749 751 760 763 
797 798 804 818 834 839 841 855 
861 865 865 870 907 916 925 931 
932 951 965 987 


Пирамида 1: 
[0]:576
[1]:749
[2]:797
[3]:798


Пирамида 2: 
[0]:102
[1]:102
[2]:121
[3]:128
[4]:140
[5]:151
[6]:159
[7]:183
[8]:183
[9]:205
[10]:205
[11]:210
[12]:216
[13]:216
[14]:225
[15]:226
[16]:233
[17]:256
[18]:266
[19]:269
[20]:272
[21]:274
[22]:275
[23]:280
[24]:297
[25]:308
[26]:313
[27]:333
[28]:333
[29]:341
[30]:341
[31]:348
[32]:351
[33]:357
[34]:371
[35]:372
[36]:388
[37]:407
[38]:413
[39]:413
[40]:423
[41]:424
[42]:437
[43]:437
[44]:438
[45]:442
[46]:454
[47]:459
[48]:463
[49]:469
[50]:474
[51]:479
[52]:483
[53]:499
[54]:519
[55]:528
[56]:539
[57]:559
[58]:576
[59]:582
[60]:586
[61]:587
[62]:592
[63]:610
[64]:632
[65]:655
[66]:663
[67]:670
[68]:678
[69]:688
[70]:702
[71]:716
[72]:719
[73]:724
[74]:746
[75]:747
[76]:749
[77]:751
[78]:760
[79]:763
[80]:797
[81]:798
[82]:804
[83]:818
[84]:834
[85]:839
[86]:841
[87]:855
[88]:861
[89]:865
[90]:865
[91]:870
[92]:907
[93]:916
[94]:925
[95]:931
[96]:932
[97]:951
[98]:965
[99]:987
